masses,Portal_Coupling
10.0,0.17449279942849408
20.0,0.14126818126370602
30.0,0.11969666422726943
40.0,0.09056175260017624
50.0,0.04493813209554038
60.0,0.00029677939952396046
70.0,0.04627112454368342
80.0,0.02440280211301937
90.0,0.01846612600603176
100.0,0.019014250641639252
110.0,0.02122935551551904
120.0,0.023245485633975698
130.0,0.022477610073369878
140.0,0.023440995913201448
150.0,0.024874251822644328
160.0,0.026460275511120714
170.0,0.028063530006754073
180.0,0.02930589606244722
190.0,0.03043649450403058
200.0,0.03164224731437112
